Stored value of: 19138
Remember command to store from lx to a
Stored value of: 0
0
[-1, 19138, 0, -1, -1, -1, -1, -1, -1, -1, -1, -1, -1, -1, -1, -1, -1, -1, -1, -1, -1, -1, -1, -1, -1, -1, -1, -1, -1, -1, -1, -1, -1, -1, -1, -1, -1, -1, -1, -1, -1, -1, -1, -1, -1, -1, -1, -1, -1, -1, -1, -1, -1, -1, -1, -1, -1, -1, -1, -1, -1, -1, -1, -1, -1, -1, -1, -1, -1, -1, -1, -1, -1, -1, -1, -1, -1, -1, -1, -1, -1, -1, -1, -1, -1, -1, -1, -1, -1, -1, -1, -1, -1, -1, -1, -1, -1, -1, -1, -1, -1, -1, -1, -1, -1, -1, -1, -1, -1, -1, -1, -1, -1, -1, -1, -1, -1, -1, -1, -1, -1, -1, -1, -1, -1, -1, -1, -1, -1, -1, -1, -1, -1, -1, -1, -1, -1, -1, -1, -1, -1, -1, -1, -1, -1, -1, -1, -1, -1, -1, -1, -1, -1, -1, -1, -1, -1, -1, -1, -1, -1, -1, -1, -1, -1, -1, -1, -1, -1, -1, -1, -1, -1, -1, -1, -1, -1, -1, -1, -1, -1, -1, -1, -1, -1, -1, -1, -1, -1, -1, -1, -1, -1, -1, -1, -1, -1, -1, -1, -1, -1, -1, -1, -1, -1, -1, -1, -1, -1, -1, -1, -1, -1, -1, -1, -1, -1, -1, -1, -1, -1, -1, -1, -1, -1, -1, -1, -1, -1, -1, -1, -1, -1, -1, -1, -1, -1, -1, -1, -1, -1, -1, -1, -1, -1, -1, -1, -1, -1, -1, -1, -1, -1, -1, -1, -1, -1, -1, -1, -1, -1, -1, -1, -1, -1, -1, -1, -1, -1, -1, -1, -1, -1, -1, -1, -1, -1, -1, -1, -1, -1, -1, -1, -1, -1, -1, -1, -1, -1, -1, -1, -1, -1, -1, -1, -1, -1, -1, -1, -1, -1, -1, -1, -1, -1, -1, -1, -1, -1, -1, -1, -1, -1, -1, -1, -1, -1, -1, -1, -1, -1, -1, -1, -1, -1, -1, -1, -1, -1, -1, -1, -1, -1, -1, -1, -1, -1, -1, -1]
['AND', -1, 248, 249] 1
1 -1 1
0b1
-0b1
0b1
['AND', -1, 269, 270] 1
1 -1 1
0b1
-0b1
0b1
-1==-1
['LSHIFT', 270, 15, 274] 32768
1 32768
0b1
0b1000000000000000
['AND', -1, 80, 81] 1
1 -1 1
0b1
-0b1
0b1
-1==-1
['LSHIFT', 2, 1, 19] 0
0 0
0b0
0b0
['AND', -1, 164, 165] 1
1 -1 1
0b1
-0b1
0b1
['AND', -1, 206, 207] 1
1 -1 1
0b1
-0b1
0b1
-1==-1
['LSHIFT', 81, 15, 85] 32768
1 32768
0b1
0b1000000000000000
['RSHIFT', 1, 1, 21] 9569
19138 9569
0b100101011000010
0b10010101100001
['AND', -1, 59, 60] 1
1 -1 1
0b1
-0b1
0b1
['AND', -1, 17, 18] 1
1 -1 1
0b1
-0b1
0b1
['AND', -1, 122, 123] 1
1 -1 1
0b1
-0b1
0b1
['AND', -1, 143, 144] 1
1 -1 1
0b1
-0b1
0b1
['AND', -1, 311, 312] 1
1 -1 1
0b1
-0b1
0b1
['AND', -1, 101, 102] 1
1 -1 1
0b1
-0b1
0b1
['AND', -1, 332, 333] 1
1 -1 1
0b1
-0b1
0b1
['AND', -1, 290, 291] 1
1 -1 1
0b1
-0b1
0b1
-1==-1
['LSHIFT', 18, 15, 22] 32768
1 32768
0b1
0b1000000000000000
['AND', -1, 227, 228] 1
1 -1 1
0b1
-0b1
0b1
['RSHIFT', 1, 5, 5] 598
19138 598
0b100101011000010
0b1001010110
['RSHIFT', 1, 2, 3] 4784
19138 4784
0b100101011000010
0b1001010110000
['RSHIFT', 1, 3, 4] 2392
19138 2392
0b100101011000010
0b100101011000
-1==-1
['LSHIFT', 291, 15, 295] 32768
1 32768
0b1
0b1000000000000000
['AND', -1, 38, 39] 1
1 -1 1
0b1
-0b1
0b1
['OR', 21, 22, 23] 42337
9569 32768 42337
0b10010101100001
0b1000000000000000
0b1010010101100001
-1==-1
['LSHIFT', 312, 15, 316] 32768
1 32768
0b1
0b1000000000000000
['AND', -1, 185, 186] 1
1 -1 1
0b1
-0b1
0b1
['AND', 4, 5, 7] 80
2392 598 80
0b100101011000
0b1001010110
0b1010000
['RSHIFT', 23, 3, 25] 5292
42337 5292
0b1010010101100001
0b1010010101100
['NOT', 7, 8] 65455
80 65455
0b1010000
0b1111111110101111
Completed: 32 of 337
lx (335):-1
1
[-1, 19138, 0, 4784, 2392, 598, -1, 80, 65455, -1, -1, -1, -1, -1, -1, -1, -1, -1, 1, 0, -1, 9569, 32768, 42337, -1, 5292, -1, -1, -1, -1, -1, -1, -1, -1, -1, -1, -1, -1, -1, 1, -1, -1, -1, -1, -1, -1, -1, -1, -1, -1, -1, -1, -1, -1, -1, -1, -1, -1, -1, -1, 1, -1, -1, -1, -1, -1, -1, -1, -1, -1, -1, -1, -1, -1, -1, -1, -1, -1, -1, -1, -1, 1, -1, -1, -1, 32768, -1, -1, -1, -1, -1, -1, -1, -1, -1, -1, -1, -1, -1, -1, -1, -1, 1, -1, -1, -1, -1, -1, -1, -1, -1, -1, -1, -1, -1, -1, -1, -1, -1, -1, -1, -1, -1, 1, -1, -1, -1, -1, -1, -1, -1, -1, -1, -1, -1, -1, -1, -1, -1, -1, -1, -1, -1, -1, 1, -1, -1, -1, -1, -1, -1, -1, -1, -1, -1, -1, -1, -1, -1, -1, -1, -1, -1, -1, -1, 1, -1, -1, -1, -1, -1, -1, -1, -1, -1, -1, -1, -1, -1, -1, -1, -1, -1, -1, -1, -1, 1, -1, -1, -1, -1, -1, -1, -1, -1, -1, -1, -1, -1, -1, -1, -1, -1, -1, -1, -1, -1, 1, -1, -1, -1, -1, -1, -1, -1, -1, -1, -1, -1, -1, -1, -1, -1, -1, -1, -1, -1, -1, 1, -1, -1, -1, -1, -1, -1, -1, -1, -1, -1, -1, -1, -1, -1, -1, -1, -1, -1, -1, -1, 1, -1, -1, -1, -1, -1, -1, -1, -1, -1, -1, -1, -1, -1, -1, -1, -1, -1, -1, -1, -1, 1, -1, -1, -1, 32768, -1, -1, -1, -1, -1, -1, -1, -1, -1, -1, -1, -1, -1, -1, -1, -1, 1, -1, -1, -1, 32768, -1, -1, -1, -1, -1, -1, -1, -1, -1, -1, -1, -1, -1, -1, -1, -1, 1, -1, -1, -1, 32768, -1, -1, -1, -1, -1, -1, -1, -1, -1, -1, -1, -1, -1, -1, -1, -1, 1, -1, -1, -1, -1, -1]
-1==-1
['LSHIFT', 249, 15, 253] 32768
1 32768
0b1
0b1000000000000000
-1==-1
['LSHIFT', 165, 15, 169] 32768
1 32768
0b1
0b1000000000000000
['OR', 19, 18, 20] 1
0 1 1
0b0
0b1
0b1
-1==-1
['LSHIFT', 144, 15, 148] 32768
1 32768
0b1
0b1000000000000000
-1==-1
['LSHIFT', 60, 15, 64] 32768
1 32768
0b1
0b1000000000000000
-1==-1
['LSHIFT', 207, 15, 211] 32768
1 32768
0b1
0b1000000000000000
-1==-1
['LSHIFT', 186, 15, 190] 32768
1 32768
0b1
0b1000000000000000
['OR', 4, 5, 6] 2910
2392 598 2910
0b100101011000
0b1001010110
0b101101011110
-1==-1
['LSHIFT', 333, 15, 337] 32768
1 32768
0b1
0b1000000000000000
-1==-1
['LSHIFT', 102, 15, 106] 32768
1 32768
0b1
0b1000000000000000
['RSHIFT', 23, 1, 42] 21168
42337 21168
0b1010010101100001
0b101001010110000
-1==-1
['LSHIFT', 228, 15, 232] 32768
1 32768
0b1
0b1000000000000000
-1==-1
['LSHIFT', 123, 15, 127] 32768
1 32768
0b1
0b1000000000000000
-1==-1
['LSHIFT', 39, 15, 43] 32768
1 32768
0b1
0b1000000000000000
['OR', 42, 43, 44] 53936
21168 32768 53936
0b101001010110000
0b1000000000000000
0b1101001010110000
['RSHIFT', 23, 5, 26] 1323
42337 1323
0b1010010101100001
0b10100101011
['RSHIFT', 23, 2, 24] 10584
42337 10584
0b1010010101100001
0b10100101011000
-1==-1
['LSHIFT', 20, 1, 40] 2
1 2
0b1
0b10
['RSHIFT', 44, 2, 45] 13484
53936 13484
0b1101001010110000
0b11010010101100
['OR', 25, 26, 27] 5551
5292 1323 5551
0b1010010101100
0b10100101011
0b1010110101111
['AND', 25, 26, 28] 1064
5292 1323 1064
0b1010010101100
0b10100101011
0b10000101000
['RSHIFT', 44, 3, 46] 6742
53936 6742
0b1101001010110000
0b1101001010110
Completed: 54 of 337
lx (335):-1
2
[-1, 19138, 0, 4784, 2392, 598, 2910, 80, 65455, -1, -1, -1, -1, -1, -1, -1, -1, -1, 1, 0, 1, 9569, 32768, 42337, 10584, 5292, 1323, 5551, 1064, -1, -1, -1, -1, -1, -1, -1, -1, -1, -1, 1, 2, -1, 21168, 32768, 53936, 13484, 6742, -1, -1, -1, -1, -1, -1, -1, -1, -1, -1, -1, -1, -1, 1, -1, -1, -1, 32768, -1, -1, -1, -1, -1, -1, -1, -1, -1, -1, -1, -1, -1, -1, -1, -1, 1, -1, -1, -1, 32768, -1, -1, -1, -1, -1, -1, -1, -1, -1, -1, -1, -1, -1, -1, -1, -1, 1, -1, -1, -1, 32768, -1, -1, -1, -1, -1, -1, -1, -1, -1, -1, -1, -1, -1, -1, -1, -1, 1, -1, -1, -1, 32768, -1, -1, -1, -1, -1, -1, -1, -1, -1, -1, -1, -1, -1, -1, -1, -1, 1, -1, -1, -1, 32768, -1, -1, -1, -1, -1, -1, -1, -1, -1, -1, -1, -1, -1, -1, -1, -1, 1, -1, -1, -1, 32768, -1, -1, -1, -1, -1, -1, -1, -1, -1, -1, -1, -1, -1, -1, -1, -1, 1, -1, -1, -1, 32768, -1, -1, -1, -1, -1, -1, -1, -1, -1, -1, -1, -1, -1, -1, -1, -1, 1, -1, -1, -1, 32768, -1, -1, -1, -1, -1, -1, -1, -1, -1, -1, -1, -1, -1, -1, -1, -1, 1, -1, -1, -1, 32768, -1, -1, -1, -1, -1, -1, -1, -1, -1, -1, -1, -1, -1, -1, -1, -1, 1, -1, -1, -1, 32768, -1, -1, -1, -1, -1, -1, -1, -1, -1, -1, -1, -1, -1, -1, -1, -1, 1, -1, -1, -1, 32768, -1, -1, -1, -1, -1, -1, -1, -1, -1, -1, -1, -1, -1, -1, -1, -1, 1, -1, -1, -1, 32768, -1, -1, -1, -1, -1, -1, -1, -1, -1, -1, -1, -1, -1, -1, -1, -1, 1, -1, -1, -1, 32768, -1, -1, -1, -1, -1, -1, -1, -1, -1, -1, -1, -1, -1, -1, -1, -1, 1, -1, -1, -1, 32768, -1]
['AND', 6, 8, 9] 2830
2910 65455 2830
0b101101011110
0b1111111110101111
0b101100001110
['OR', 40, 39, 41] 3
2 1 3
0b10
0b1
0b11
['RSHIFT', 44, 1, 63] 26968
53936 26968
0b1101001010110000
0b110100101011000
['OR', 63, 64, 65] 59736
26968 32768 59736
0b110100101011000
0b1000000000000000
0b1110100101011000
['RSHIFT', 44, 5, 47] 1685
53936 1685
0b1101001010110000
0b11010010101
['RSHIFT', 65, 2, 66] 14934
59736 14934
0b1110100101011000
0b11101001010110
-1==-1
['LSHIFT', 41, 1, 61] 6
3 6
0b11
0b110
['OR', 61, 60, 62] 7
6 1 7
0b110
0b1
0b111
['RSHIFT', 65, 5, 68] 1866
59736 1866
0b1110100101011000
0b11101001010
['OR', 3, 9, 10] 7102
4784 2830 7102
0b1001010110000
0b101100001110
0b1101110111110
['NOT', 28, 29] 64471
1064 64471
0b10000101000
0b1111101111010111
['OR', 46, 47, 48] 7895
6742 1685 7895
0b1101001010110
0b11010010101
0b1111011010111
['AND', 3, 9, 11] 512
4784 2830 512
0b1001010110000
0b101100001110
0b1000000000
['NOT', 11, 12] 65023
512 65023
0b1000000000
0b1111110111111111
Completed: 68 of 337
lx (335):-1
3
[-1, 19138, 0, 4784, 2392, 598, 2910, 80, 65455, 2830, 7102, 512, 65023, -1, -1, -1, -1, -1, 1, 0, 1, 9569, 32768, 42337, 10584, 5292, 1323, 5551, 1064, 64471, -1, -1, -1, -1, -1, -1, -1, -1, -1, 1, 2, 3, 21168, 32768, 53936, 13484, 6742, 1685, 7895, -1, -1, -1, -1, -1, -1, -1, -1, -1, -1, -1, 1, 6, 7, 26968, 32768, 59736, 14934, -1, 1866, -1, -1, -1, -1, -1, -1, -1, -1, -1, -1, -1, -1, 1, -1, -1, -1, 32768, -1, -1, -1, -1, -1, -1, -1, -1, -1, -1, -1, -1, -1, -1, -1, -1, 1, -1, -1, -1, 32768, -1, -1, -1, -1, -1, -1, -1, -1, -1, -1, -1, -1, -1, -1, -1, -1, 1, -1, -1, -1, 32768, -1, -1, -1, -1, -1, -1, -1, -1, -1, -1, -1, -1, -1, -1, -1, -1, 1, -1, -1, -1, 32768, -1, -1, -1, -1, -1, -1, -1, -1, -1, -1, -1, -1, -1, -1, -1, -1, 1, -1, -1, -1, 32768, -1, -1, -1, -1, -1, -1, -1, -1, -1, -1, -1, -1, -1, -1, -1, -1, 1, -1, -1, -1, 32768, -1, -1, -1, -1, -1, -1, -1, -1, -1, -1, -1, -1, -1, -1, -1, -1, 1, -1, -1, -1, 32768, -1, -1, -1, -1, -1, -1, -1, -1, -1, -1, -1, -1, -1, -1, -1, -1, 1, -1, -1, -1, 32768, -1, -1, -1, -1, -1, -1, -1, -1, -1, -1, -1, -1, -1, -1, -1, -1, 1, -1, -1, -1, 32768, -1, -1, -1, -1, -1, -1, -1, -1, -1, -1, -1, -1, -1, -1, -1, -1, 1, -1, -1, -1, 32768, -1, -1, -1, -1, -1, -1, -1, -1, -1, -1, -1, -1, -1, -1, -1, -1, 1, -1, -1, -1, 32768, -1, -1, -1, -1, -1, -1, -1, -1, -1, -1, -1, -1, -1, -1, -1, -1, 1, -1, -1, -1, 32768, -1, -1, -1, -1, -1, -1, -1, -1, -1, -1, -1, -1, -1, -1, -1, -1, 1, -1, -1, -1, 32768, -1]
['AND', 46, 47, 49] 532
6742 1685 532
0b1101001010110
0b11010010101
0b1000010100
['RSHIFT', 65, 3, 67] 7467
59736 7467
0b1110100101011000
0b1110100101011
-1==-1
['LSHIFT', 62, 1, 82] 14
7 14
0b111
0b1110
['NOT', 49, 50] 65003
532 65003
0b1000010100
0b1111110111101011
['AND', 10, 12, 13] 6590
7102 65023 6590
0b1101110111110
0b1111110111111111
0b1100110111110
['OR', 82, 81, 83] 15
14 1 15
0b1110
0b1
0b1111
['RSHIFT', 65, 1, 84] 29868
59736 29868
0b1110100101011000
0b111010010101100
['OR', 84, 85, 86] 62636
29868 32768 62636
0b111010010101100
0b1000000000000000
0b1111010010101100
['OR', 67, 68, 69] 8043
7467 1866 8043
0b1110100101011
0b11101001010
0b1111101101011
-1==-1
['LSHIFT', 83, 1, 103] 30
15 30
0b1111
0b11110
['AND', 67, 68, 70] 1290
7467 1866 1290
0b1110100101011
0b11101001010
0b10100001010
['AND', 1, 13, 15] 2178
19138 6590 2178
0b100101011000010
0b1100110111110
0b100010000010
['RSHIFT', 86, 5, 89] 1957
62636 1957
0b1111010010101100
0b11110100101
['AND', 48, 50, 51] 7363
7895 65003 7363
0b1111011010111
0b1111110111101011
0b1110011000011
['AND', 27, 29, 30] 4487
5551 64471 4487
0b1010110101111
0b1111101111010111
0b1000110000111
['RSHIFT', 86, 2, 87] 15659
62636 15659
0b1111010010101100
0b11110100101011
['NOT', 15, 16] 63357
2178 63357
0b100010000010
0b1111011101111101
['AND', 24, 30, 32] 256
10584 4487 256
0b10100101011000
0b1000110000111
0b100000000
['OR', 24, 30, 31] 14815
10584 4487 14815
0b10100101011000
0b1000110000111
0b11100111011111
Completed: 87 of 337
lx (335):-1
4
[-1, 19138, 0, 4784, 2392, 598, 2910, 80, 65455, 2830, 7102, 512, 65023, 6590, -1, 2178, 63357, -1, 1, 0, 1, 9569, 32768, 42337, 10584, 5292, 1323, 5551, 1064, 64471, 4487, 14815, 256, -1, -1, -1, -1, -1, -1, 1, 2, 3, 21168, 32768, 53936, 13484, 6742, 1685, 7895, 532, 65003, 7363, -1, -1, -1, -1, -1, -1, -1, -1, 1, 6, 7, 26968, 32768, 59736, 14934, 7467, 1866, 8043, 1290, -1, -1, -1, -1, -1, -1, -1, -1, -1, -1, 1, 14, 15, 29868, 32768, 62636, 15659, -1, 1957, -1, -1, -1, -1, -1, -1, -1, -1, -1, -1, -1, -1, 1, 30, -1, -1, 32768, -1, -1, -1, -1, -1, -1, -1, -1, -1, -1, -1, -1, -1, -1, -1, -1, 1, -1, -1, -1, 32768, -1, -1, -1, -1, -1, -1, -1, -1, -1, -1, -1, -1, -1, -1, -1, -1, 1, -1, -1, -1, 32768, -1, -1, -1, -1, -1, -1, -1, -1, -1, -1, -1, -1, -1, -1, -1, -1, 1, -1, -1, -1, 32768, -1, -1, -1, -1, -1, -1, -1, -1, -1, -1, -1, -1, -1, -1, -1, -1, 1, -1, -1, -1, 32768, -1, -1, -1, -1, -1, -1, -1, -1, -1, -1, -1, -1, -1, -1, -1, -1, 1, -1, -1, -1, 32768, -1, -1, -1, -1, -1, -1, -1, -1, -1, -1, -1, -1, -1, -1, -1, -1, 1, -1, -1, -1, 32768, -1, -1, -1, -1, -1, -1, -1, -1, -1, -1, -1, -1, -1, -1, -1, -1, 1, -1, -1, -1, 32768, -1, -1, -1, -1, -1, -1, -1, -1, -1, -1, -1, -1, -1, -1, -1, -1, 1, -1, -1, -1, 32768, -1, -1, -1, -1, -1, -1, -1, -1, -1, -1, -1, -1, -1, -1, -1, -1, 1, -1, -1, -1, 32768, -1, -1, -1, -1, -1, -1, -1, -1, -1, -1, -1, -1, -1, -1, -1, -1, 1, -1, -1, -1, 32768, -1, -1, -1, -1, -1, -1, -1, -1, -1, -1, -1, -1, -1, -1, -1, -1, 1, -1, -1, -1, 32768, -1]
['OR', 1, 13, 14] 23550
19138 6590 23550
0b100101011000010
0b1100110111110
0b101101111111110
['RSHIFT', 86, 3, 88] 7829
62636 7829
0b1111010010101100
0b1111010010101
['RSHIFT', 86, 1, 105] 31318
62636 31318
0b1111010010101100
0b111101001010110
['AND', 45, 51, 53] 5248
13484 7363 5248
0b11010010101100
0b1110011000011
0b1010010000000
['OR', 105, 106, 107] 64086
31318 32768 64086
0b111101001010110
0b1000000000000000
0b1111101001010110
['OR', 45, 51, 52] 15599
13484 7363 15599
0b11010010101100
0b1110011000011
0b11110011101111
['RSHIFT', 107, 1, 126] 32043
64086 32043
0b1111101001010110
0b111110100101011
['OR', 103, 102, 104] 31
30 1 31
0b11110
0b1
0b11111
['NOT', 70, 71] 64245
1290 64245
0b10100001010
0b1111101011110101
['NOT', 32, 33] 65279
256 65279
0b100000000
0b1111111011111111
['AND', 88, 89, 91] 1669
7829 1957 1669
0b1111010010101
0b11110100101
0b11010000101
['OR', 88, 89, 90] 8117
7829 1957 8117
0b1111010010101
0b11110100101
0b1111110110101
['NOT', 53, 54] 60287
5248 60287
0b1010010000000
0b1110101101111111
['OR', 126, 127, 128] 64811
32043 32768 64811
0b111110100101011
0b1000000000000000
0b1111110100101011
['AND', 69, 71, 72] 6753
8043 64245 6753
0b1111101101011
0b1111101011110101
0b1101001100001
['AND', 14, 16, 17] 21372
23550 63357 21372
0b101101111111110
0b1111011101111101
0b101001101111100
['RSHIFT', 107, 5, 110] 2002
64086 2002
0b1111101001010110
0b11111010010
Completed: 104 of 337
lx (335):-1
5
[-1, 19138, 0, 4784, 2392, 598, 2910, 80, 65455, 2830, 7102, 512, 65023, 6590, 23550, 2178, 63357, 21372, 1, 0, 1, 9569, 32768, 42337, 10584, 5292, 1323, 5551, 1064, 64471, 4487, 14815, 256, 65279, -1, -1, -1, -1, -1, 1, 2, 3, 21168, 32768, 53936, 13484, 6742, 1685, 7895, 532, 65003, 7363, 15599, 5248, 60287, -1, -1, -1, -1, -1, 1, 6, 7, 26968, 32768, 59736, 14934, 7467, 1866, 8043, 1290, 64245, 6753, -1, -1, -1, -1, -1, -1, -1, -1, 1, 14, 15, 29868, 32768, 62636, 15659, 7829, 1957, 8117, 1669, -1, -1, -1, -1, -1, -1, -1, -1, -1, -1, 1, 30, 31, 31318, 32768, 64086, -1, -1, 2002, -1, -1, -1, -1, -1, -1, -1, -1, -1, -1, -1, -1, 1, -1, -1, 32043, 32768, 64811, -1, -1, -1, -1, -1, -1, -1, -1, -1, -1, -1, -1, -1, -1, -1, 1, -1, -1, -1, 32768, -1, -1, -1, -1, -1, -1, -1, -1, -1, -1, -1, -1, -1, -1, -1, -1, 1, -1, -1, -1, 32768, -1, -1, -1, -1, -1, -1, -1, -1, -1, -1, -1, -1, -1, -1, -1, -1, 1, -1, -1, -1, 32768, -1, -1, -1, -1, -1, -1, -1, -1, -1, -1, -1, -1, -1, -1, -1, -1, 1, -1, -1, -1, 32768, -1, -1, -1, -1, -1, -1, -1, -1, -1, -1, -1, -1, -1, -1, -1, -1, 1, -1, -1, -1, 32768, -1, -1, -1, -1, -1, -1, -1, -1, -1, -1, -1, -1, -1, -1, -1, -1, 1, -1, -1, -1, 32768, -1, -1, -1, -1, -1, -1, -1, -1, -1, -1, -1, -1, -1, -1, -1, -1, 1, -1, -1, -1, 32768, -1, -1, -1, -1, -1, -1, -1, -1, -1, -1, -1, -1, -1, -1, -1, -1, 1, -1, -1, -1, 32768, -1, -1, -1, -1, -1, -1, -1, -1, -1, -1, -1, -1, -1, -1, -1, -1, 1, -1, -1, -1, 32768, -1, -1, -1, -1, -1, -1, -1, -1, -1, -1, -1, -1, -1, -1, -1, -1, 1, -1, -1, -1, 32768, -1]
['OR', 66, 72, 73] 14967
14934 6753 14967
0b11101001010110
0b1101001100001
0b11101001110111
['RSHIFT', 107, 3, 109] 8010
64086 8010
0b1111101001010110
0b1111101001010
['AND', 109, 110, 112] 1858
8010 2002 1858
0b1111101001010
0b11111010010
0b11101000010
['RSHIFT', 107, 2, 108] 16021
64086 16021
0b1111101001010110
0b11111010010101
['NOT', 91, 92] 63866
1669 63866
0b11010000101
0b1111100101111010
['RSHIFT', 128, 1, 147] 32405
64811 32405
0b1111110100101011
0b111111010010101
['AND', 31, 33, 34] 14559
14815 65279 14559
0b11100111011111
0b1111111011111111
0b11100011011111
['OR', 147, 148, 149] 65173
32405 32768 65173
0b111111010010101
0b1000000000000000
0b1111111010010101
['NOT', 112, 113] 63677
1858 63677
0b11101000010
0b1111100010111101
['RSHIFT', 128, 2, 129] 16202
64811 16202
0b1111110100101011
0b11111101001010
['AND', 23, 34, 36] 8257
42337 14559 8257
0b1010010101100001
0b11100011011111
0b10000001000001
['OR', 109, 110, 111] 8154
8010 2002 8154
0b1111101001010
0b11111010010
0b1111111011010
['AND', 52, 54, 55] 10351
15599 60287 10351
0b11110011101111
0b1110101101111111
0b10100001101111
['RSHIFT', 149, 5, 152] 2036
65173 2036
0b1111111010010101
0b11111110100
['OR', 23, 34, 35] 48639
42337 14559 48639
0b1010010101100001
0b11100011011111
0b1011110111111111
-1==-1
['LSHIFT', 104, 1, 124] 62
31 62
0b11111
0b111110
['RSHIFT', 149, 3, 151] 8146
65173 8146
0b1111111010010101
0b1111111010010
['NOT', 36, 37] 57278
8257 57278
0b10000001000001
0b1101111110111110
['AND', 66, 72, 74] 6720
14934 6753 6720
0b11101001010110
0b1101001100001
0b1101001000000
['AND', 35, 37, 38] 40382
48639 57278 40382
0b1011110111111111
0b1101111110111110
0b1001110110111110
['RSHIFT', 128, 5, 131] 2025
64811 2025
0b1111110100101011
0b11111101001
['AND', 90, 92, 93] 6448
8117 63866 6448
0b1111110110101
0b1111100101111010
0b1100100110000
['OR', 151, 152, 153] 8182
8146 2036 8182
0b1111111010010
0b11111110100
0b1111111110110
['RSHIFT', 128, 3, 130] 8101
64811 8101
0b1111110100101011
0b1111110100101
['NOT', 74, 75] 58815
6720 58815
0b1101001000000
0b1110010110111111
['OR', 44, 55, 56] 64255
53936 10351 64255
0b1101001010110000
0b10100001101111
0b1111101011111111
['AND', 151, 152, 154] 2000
8146 2036 2000
0b1111111010010
0b11111110100
0b11111010000
['AND', 44, 55, 57] 32
53936 10351 32
0b1101001010110000
0b10100001101111
0b100000
['OR', 130, 131, 132] 8173
8101 2025 8173
0b1111110100101
0b11111101001
0b1111111101101
['OR', 87, 93, 94] 15675
15659 6448 15675
0b11110100101011
0b1100100110000
0b11110100111011
['OR', 124, 123, 125] 63
62 1 63
0b111110
0b1
0b111111
['AND', 111, 113, 114] 6296
8154 63677 6296
0b1111111011010
0b1111100010111101
0b1100010011000
['NOT', 57, 58] 65503
32 65503
0b100000
0b1111111111011111
['AND', 56, 58, 59] 64223
64255 65503 64223
0b1111101011111111
0b1111111111011111
0b1111101011011111
Completed: 138 of 337
lx (335):-1
6
[-1, 19138, 0, 4784, 2392, 598, 2910, 80, 65455, 2830, 7102, 512, 65023, 6590, 23550, 2178, 63357, 21372, 1, 0, 1, 9569, 32768, 42337, 10584, 5292, 1323, 5551, 1064, 64471, 4487, 14815, 256, 65279, 14559, 48639, 8257, 57278, 40382, 1, 2, 3, 21168, 32768, 53936, 13484, 6742, 1685, 7895, 532, 65003, 7363, 15599, 5248, 60287, 10351, 64255, 32, 65503, 64223, 1, 6, 7, 26968, 32768, 59736, 14934, 7467, 1866, 8043, 1290, 64245, 6753, 14967, 6720, 58815, -1, -1, -1, -1, -1, 1, 14, 15, 29868, 32768, 62636, 15659, 7829, 1957, 8117, 1669, 63866, 6448, 15675, -1, -1, -1, -1, -1, -1, -1, 1, 30, 31, 31318, 32768, 64086, 16021, 8010, 2002, 8154, 1858, 63677, 6296, -1, -1, -1, -1, -1, -1, -1, -1, 1, 62, 63, 32043, 32768, 64811, 16202, 8101, 2025, 8173, -1, -1, -1, -1, -1, -1, -1, -1, -1, -1, -1, 1, -1, -1, 32405, 32768, 65173, -1, 8146, 2036, 8182, 2000, -1, -1, -1, -1, -1, -1, -1, -1, -1, -1, 1, -1, -1, -1, 32768, -1, -1, -1, -1, -1, -1, -1, -1, -1, -1, -1, -1, -1, -1, -1, -1, 1, -1, -1, -1, 32768, -1, -1, -1, -1, -1, -1, -1, -1, -1, -1, -1, -1, -1, -1, -1, -1, 1, -1, -1, -1, 32768, -1, -1, -1, -1, -1, -1, -1, -1, -1, -1, -1, -1, -1, -1, -1, -1, 1, -1, -1, -1, 32768, -1, -1, -1, -1, -1, -1, -1, -1, -1, -1, -1, -1, -1, -1, -1, -1, 1, -1, -1, -1, 32768, -1, -1, -1, -1, -1, -1, -1, -1, -1, -1, -1, -1, -1, -1, -1, -1, 1, -1, -1, -1, 32768, -1, -1, -1, -1, -1, -1, -1, -1, -1, -1, -1, -1, -1, -1, -1, -1, 1, -1, -1, -1, 32768, -1, -1, -1, -1, -1, -1, -1, -1, -1, -1, -1, -1, -1, -1, -1, -1, 1, -1, -1, -1, 32768, -1, -1, -1, -1, -1, -1, -1, -1, -1, -1, -1, -1, -1, -1, -1, -1, 1, -1, -1, -1, 32768, -1]
['RSHIFT', 149, 2, 150] 16293
65173 16293
0b1111111010010101
0b11111110100101
['AND', 73, 75, 76] 8247
14967 58815 8247
0b11101001110111
0b1110010110111111
0b10000000110111
['AND', 130, 131, 133] 1953
8101 2025 1953
0b1111110100101
0b11111101001
0b11110100001
['RSHIFT', 149, 1, 168] 32586
65173 32586
0b1111111010010101
0b111111101001010
['NOT', 154, 155] 63535
2000 63535
0b11111010000
0b1111100000101111
['OR', 108, 114, 115] 16029
16021 6296 16029
0b11111010010101
0b1100010011000
0b11111010011101
['AND', 153, 155, 156] 6182
8182 63535 6182
0b1111111110110
0b1111100000101111
0b1100000100110
['AND', 65, 76, 78] 8208
59736 8247 8208
0b1110100101011000
0b10000000110111
0b10000000010000
['OR', 65, 76, 77] 59775
59736 8247 59775
0b1110100101011000
0b10000000110111
0b1110100101111111
['AND', 87, 93, 95] 6432
15659 6448 6432
0b11110100101011
0b1100100110000
0b1100100100000
['OR', 168, 169, 170] 65354
32586 32768 65354
0b111111101001010
0b1000000000000000
0b1111111101001010
['AND', 108, 114, 116] 6288
16021 6296 6288
0b11111010010101
0b1100010011000
0b1100010010000
-1==-1
['LSHIFT', 125, 1, 145] 126
63 126
0b111111
0b1111110
['OR', 145, 144, 146] 127
126 1 127
0b1111110
0b1
0b1111111
['RSHIFT', 170, 1, 189] 32677
65354 32677
0b1111111101001010
0b111111110100101
['NOT', 133, 134] 63582
1953 63582
0b11110100001
0b1111100001011110
['NOT', 95, 96] 59103
6432 59103
0b1100100100000
0b1110011011011111
['RSHIFT', 170, 5, 173] 2042
65354 2042
0b1111111101001010
0b11111111010
['OR', 189, 190, 191] 65445
32677 32768 65445
0b111111110100101
0b1000000000000000
0b1111111110100101
['AND', 94, 96, 97] 9243
15675 59103 9243
0b11110100111011
0b1110011011011111
0b10010000011011
Completed: 158 of 337
lx (335):-1
7
[-1, 19138, 0, 4784, 2392, 598, 2910, 80, 65455, 2830, 7102, 512, 65023, 6590, 23550, 2178, 63357, 21372, 1, 0, 1, 9569, 32768, 42337, 10584, 5292, 1323, 5551, 1064, 64471, 4487, 14815, 256, 65279, 14559, 48639, 8257, 57278, 40382, 1, 2, 3, 21168, 32768, 53936, 13484, 6742, 1685, 7895, 532, 65003, 7363, 15599, 5248, 60287, 10351, 64255, 32, 65503, 64223, 1, 6, 7, 26968, 32768, 59736, 14934, 7467, 1866, 8043, 1290, 64245, 6753, 14967, 6720, 58815, 8247, 59775, 8208, -1, -1, 1, 14, 15, 29868, 32768, 62636, 15659, 7829, 1957, 8117, 1669, 63866, 6448, 15675, 6432, 59103, 9243, -1, -1, -1, -1, 1, 30, 31, 31318, 32768, 64086, 16021, 8010, 2002, 8154, 1858, 63677, 6296, 16029, 6288, -1, -1, -1, -1, -1, -1, 1, 62, 63, 32043, 32768, 64811, 16202, 8101, 2025, 8173, 1953, 63582, -1, -1, -1, -1, -1, -1, -1, -1, -1, 1, 126, 127, 32405, 32768, 65173, 16293, 8146, 2036, 8182, 2000, 63535, 6182, -1, -1, -1, -1, -1, -1, -1, -1, 1, -1, -1, 32586, 32768, 65354, -1, -1, 2042, -1, -1, -1, -1, -1, -1, -1, -1, -1, -1, -1, -1, 1, -1, -1, 32677, 32768, 65445, -1, -1, -1, -1, -1, -1, -1, -1, -1, -1, -1, -1, -1, -1, -1, 1, -1, -1, -1, 32768, -1, -1, -1, -1, -1, -1, -1, -1, -1, -1, -1, -1, -1, -1, -1, -1, 1, -1, -1, -1, 32768, -1, -1, -1, -1, -1, -1, -1, -1, -1, -1, -1, -1, -1, -1, -1, -1, 1, -1, -1, -1, 32768, -1, -1, -1, -1, -1, -1, -1, -1, -1, -1, -1, -1, -1, -1, -1, -1, 1, -1, -1, -1, 32768, -1, -1, -1, -1, -1, -1, -1, -1, -1, -1, -1, -1, -1, -1, -1, -1, 1, -1, -1, -1, 32768, -1, -1, -1, -1, -1, -1, -1, -1, -1, -1, -1, -1, -1, -1, -1, -1, 1, -1, -1, -1, 32768, -1, -1, -1, -1, -1, -1, -1, -1, -1, -1, -1, -1, -1, -1, -1, -1, 1, -1, -1, -1, 32768, -1]
['RSHIFT', 191, 1, 210] 32722
65445 32722
0b1111111110100101
0b111111111010010
['AND', 150, 156, 158] 6180
16293 6182 6180
0b11111110100101
0b1100000100110
0b1100000100100
['OR', 150, 156, 157] 16295
16293 6182 16295
0b11111110100101
0b1100000100110
0b11111110100111
['RSHIFT', 191, 5, 194] 2045
65445 2045
0b1111111110100101
0b11111111101
['NOT', 78, 79] 57327
8208 57327
0b10000000010000
0b1101111111101111
['NOT', 158, 159] 59355
6180 59355
0b1100000100100
0b1110011111011011
['AND', 157, 159, 160] 10115
16295 59355 10115
0b11111110100111
0b1110011111011011
0b10011110000011
['RSHIFT', 191, 2, 192] 16361
65445 16361
0b1111111110100101
0b11111111101001
['OR', 210, 211, 212] 65490
32722 32768 65490
0b111111111010010
0b1000000000000000
0b1111111111010010
['RSHIFT', 170, 2, 171] 16338
65354 16338
0b1111111101001010
0b11111111010010
['RSHIFT', 170, 3, 172] 8169
65354 8169
0b1111111101001010
0b1111111101001
['AND', 132, 134, 135] 6220
8173 63582 6220
0b1111111101101
0b1111100001011110
0b1100001001100
['NOT', 116, 117] 59247
6288 59247
0b1100010010000
0b1110011101101111
['RSHIFT', 212, 3, 214] 8186
65490 8186
0b1111111111010010
0b1111111111010
['AND', 129, 135, 137] 6216
16202 6220 6216
0b11111101001010
0b1100001001100
0b1100001001000
['RSHIFT', 212, 2, 213] 16372
65490 16372
0b1111111111010010
0b11111111110100
['AND', 86, 97, 99] 9224
62636 9243 9224
0b1111010010101100
0b10010000011011
0b10010000001000
-1==-1
['LSHIFT', 146, 1, 166] 254
127 254
0b1111111
0b11111110
['RSHIFT', 191, 3, 193] 8180
65445 8180
0b1111111110100101
0b1111111110100
['RSHIFT', 212, 1, 231] 32745
65490 32745
0b1111111111010010
0b111111111101001
['NOT', 137, 138] 59319
6216 59319
0b1100001001000
0b1110011110110111
['OR', 231, 232, 233] 65513
32745 32768 65513
0b111111111101001
0b1000000000000000
0b1111111111101001
['RSHIFT', 233, 5, 236] 2047
65513 2047
0b1111111111101001
0b11111111111
['OR', 86, 97, 98] 62655
62636 9243 62655
0b1111010010101100
0b10010000011011
0b1111010010111111
['OR', 172, 173, 174] 8187
8169 2042 8187
0b1111111101001
0b11111111010
0b1111111111011
['RSHIFT', 212, 5, 215] 2046
65490 2046
0b1111111111010010
0b11111111110
Completed: 184 of 337
lx (335):-1
8
[-1, 19138, 0, 4784, 2392, 598, 2910, 80, 65455, 2830, 7102, 512, 65023, 6590, 23550, 2178, 63357, 21372, 1, 0, 1, 9569, 32768, 42337, 10584, 5292, 1323, 5551, 1064, 64471, 4487, 14815, 256, 65279, 14559, 48639, 8257, 57278, 40382, 1, 2, 3, 21168, 32768, 53936, 13484, 6742, 1685, 7895, 532, 65003, 7363, 15599, 5248, 60287, 10351, 64255, 32, 65503, 64223, 1, 6, 7, 26968, 32768, 59736, 14934, 7467, 1866, 8043, 1290, 64245, 6753, 14967, 6720, 58815, 8247, 59775, 8208, 57327, -1, 1, 14, 15, 29868, 32768, 62636, 15659, 7829, 1957, 8117, 1669, 63866, 6448, 15675, 6432, 59103, 9243, 62655, 9224, -1, -1, 1, 30, 31, 31318, 32768, 64086, 16021, 8010, 2002, 8154, 1858, 63677, 6296, 16029, 6288, 59247, -1, -1, -1, -1, -1, 1, 62, 63, 32043, 32768, 64811, 16202, 8101, 2025, 8173, 1953, 63582, 6220, -1, 6216, 59319, -1, -1, -1, -1, -1, 1, 126, 127, 32405, 32768, 65173, 16293, 8146, 2036, 8182, 2000, 63535, 6182, 16295, 6180, 59355, 10115, -1, -1, -1, -1, 1, 254, -1, 32586, 32768, 65354, 16338, 8169, 2042, 8187, -1, -1, -1, -1, -1, -1, -1, -1, -1, -1, -1, 1, -1, -1, 32677, 32768, 65445, 16361, 8180, 2045, -1, -1, -1, -1, -1, -1, -1, -1, -1, -1, -1, -1, 1, -1, -1, 32722, 32768, 65490, 16372, 8186, 2046, -1, -1, -1, -1, -1, -1, -1, -1, -1, -1, -1, -1, 1, -1, -1, 32745, 32768, 65513, -1, -1, 2047, -1, -1, -1, -1, -1, -1, -1, -1, -1, -1, -1, -1, 1, -1, -1, -1, 32768, -1, -1, -1, -1, -1, -1, -1, -1, -1, -1, -1, -1, -1, -1, -1, -1, 1, -1, -1, -1, 32768, -1, -1, -1, -1, -1, -1, -1, -1, -1, -1, -1, -1, -1, -1, -1, -1, 1, -1, -1, -1, 32768, -1, -1, -1, -1, -1, -1, -1, -1, -1, -1, -1, -1, -1, -1, -1, -1, 1, -1, -1, -1, 32768, -1, -1, -1, -1, -1, -1, -1, -1, -1, -1, -1, -1, -1, -1, -1, -1, 1, -1, -1, -1, 32768, -1]
['OR', 149, 160, 161] 65431
65173 10115 65431
0b1111111010010101
0b10011110000011
0b1111111110010111
['OR', 214, 215, 216] 8190
8186 2046 8190
0b1111111111010
0b11111111110
0b1111111111110
['AND', 77, 79, 80] 51567
59775 57327 51567
0b1110100101111111
0b1101111111101111
0b1100100101101111
['AND', 149, 160, 162] 9857
65173 10115 9857
0b1111111010010101
0b10011110000011
0b10011010000001
['RSHIFT', 233, 2, 234] 16378
65513 16378
0b1111111111101001
0b11111111111010
['OR', 129, 135, 136] 16206
16202 6220 16206
0b11111101001010
0b1100001001100
0b11111101001110
['AND', 172, 173, 175] 2024
8169 2042 2024
0b1111111101001
0b11111111010
0b11111101000
['OR', 193, 194, 195] 8189
8180 2045 8189
0b1111111110100
0b11111111101
0b1111111111101
['RSHIFT', 233, 3, 235] 8189
65513 8189
0b1111111111101001
0b1111111111101
['NOT', 162, 163] 55678
9857 55678
0b10011010000001
0b1101100101111110
['AND', 115, 117, 118] 9741
16029 59247 9741
0b11111010011101
0b1110011101101111
0b10011000001101
['AND', 136, 138, 139] 9990
16206 59319 9990
0b11111101001110
0b1110011110110111
0b10011100000110
['AND', 193, 194, 196] 2036
8180 2045 2036
0b1111111110100
0b11111111101
0b11111110100
['AND', 128, 139, 141] 9474
64811 9990 9474
0b1111110100101011
0b10011100000110
0b10010100000010
['OR', 166, 165, 167] 255
254 1 255
0b11111110
0b1
0b11111111
['NOT', 99, 100] 56311
9224 56311
0b10010000001000
0b1101101111110111
['RSHIFT', 233, 1, 252] 32756
65513 32756
0b1111111111101001
0b111111111110100
['AND', 161, 163, 164] 55574
65431 55678 55574
0b1111111110010111
0b1101100101111110
0b1101100100010110
['AND', 98, 100, 101] 53431
62655 56311 53431
0b1111010010111111
0b1101101111110111
0b1101000010110111
['AND', 214, 215, 217] 2042
8186 2046 2042
0b1111111111010
0b11111111110
0b11111111010
['OR', 235, 236, 237] 8191
8189 2047 8191
0b1111111111101
0b11111111111
0b1111111111111
['OR', 107, 118, 119] 65119
64086 9741 65119
0b1111101001010110
0b10011000001101
0b1111111001011111
['AND', 235, 236, 238] 2045
8189 2047 2045
0b1111111111101
0b11111111111
0b11111111101
['AND', 107, 118, 120] 8708
64086 9741 8708
0b1111101001010110
0b10011000001101
0b10001000000100
['NOT', 238, 239] 63490
2045 63490
0b11111111101
0b1111100000000010
Completed: 209 of 337
lx (335):-1
9
[-1, 19138, 0, 4784, 2392, 598, 2910, 80, 65455, 2830, 7102, 512, 65023, 6590, 23550, 2178, 63357, 21372, 1, 0, 1, 9569, 32768, 42337, 10584, 5292, 1323, 5551, 1064, 64471, 4487, 14815, 256, 65279, 14559, 48639, 8257, 57278, 40382, 1, 2, 3, 21168, 32768, 53936, 13484, 6742, 1685, 7895, 532, 65003, 7363, 15599, 5248, 60287, 10351, 64255, 32, 65503, 64223, 1, 6, 7, 26968, 32768, 59736, 14934, 7467, 1866, 8043, 1290, 64245, 6753, 14967, 6720, 58815, 8247, 59775, 8208, 57327, 51567, 1, 14, 15, 29868, 32768, 62636, 15659, 7829, 1957, 8117, 1669, 63866, 6448, 15675, 6432, 59103, 9243, 62655, 9224, 56311, 53431, 1, 30, 31, 31318, 32768, 64086, 16021, 8010, 2002, 8154, 1858, 63677, 6296, 16029, 6288, 59247, 9741, 65119, 8708, -1, -1, 1, 62, 63, 32043, 32768, 64811, 16202, 8101, 2025, 8173, 1953, 63582, 6220, 16206, 6216, 59319, 9990, -1, 9474, -1, -1, 1, 126, 127, 32405, 32768, 65173, 16293, 8146, 2036, 8182, 2000, 63535, 6182, 16295, 6180, 59355, 10115, 65431, 9857, 55678, 55574, 1, 254, 255, 32586, 32768, 65354, 16338, 8169, 2042, 8187, 2024, -1, -1, -1, -1, -1, -1, -1, -1, -1, -1, 1, -1, -1, 32677, 32768, 65445, 16361, 8180, 2045, 8189, 2036, -1, -1, -1, -1, -1, -1, -1, -1, -1, -1, 1, -1, -1, 32722, 32768, 65490, 16372, 8186, 2046, 8190, 2042, -1, -1, -1, -1, -1, -1, -1, -1, -1, -1, 1, -1, -1, 32745, 32768, 65513, 16378, 8189, 2047, 8191, 2045, 63490, -1, -1, -1, -1, -1, -1, -1, -1, -1, 1, -1, -1, 32756, 32768, -1, -1, -1, -1, -1, -1, -1, -1, -1, -1, -1, -1, -1, -1, -1, -1, 1, -1, -1, -1, 32768, -1, -1, -1, -1, -1, -1, -1, -1, -1, -1, -1, -1, -1, -1, -1, -1, 1, -1, -1, -1, 32768, -1, -1, -1, -1, -1, -1, -1, -1, -1, -1, -1, -1, -1, -1, -1, -1, 1, -1, -1, -1, 32768, -1, -1, -1, -1, -1, -1, -1, -1, -1, -1, -1, -1, -1, -1, -1, -1, 1, -1, -1, -1, 32768, -1]
['OR', 252, 253, 254] 65524
32756 32768 65524
0b111111111110100
0b1000000000000000
0b1111111111110100
['NOT', 141, 142] 56061
9474 56061
0b10010100000010
0b1101101011111101
['NOT', 196, 197] 63499
2036 63499
0b11111110100
0b1111100000001011
['AND', 195, 197, 198] 6153
8189 63499 6153
0b1111111111101
0b1111100000001011
0b1100000001001
['RSHIFT', 254, 3, 256] 8190
65524 8190
0b1111111111110100
0b1111111111110
['NOT', 175, 176] 63511
2024 63511
0b11111101000
0b1111100000010111
['OR', 128, 139, 140] 65327
64811 9990 65327
0b1111110100101011
0b10011100000110
0b1111111100101111
['NOT', 120, 121] 56827
8708 56827
0b10001000000100
0b1101110111111011
['OR', 192, 198, 199] 16361
16361 6153 16361
0b11111111101001
0b1100000001001
0b11111111101001
-1==-1
['LSHIFT', 167, 1, 187] 510
255 510
0b11111111
0b111111110
['RSHIFT', 254, 2, 255] 16381
65524 16381
0b1111111111110100
0b11111111111101
['AND', 192, 198, 200] 6153
16361 6153 6153
0b11111111101001
0b1100000001001
0b1100000001001
['RSHIFT', 254, 5, 257] 2047
65524 2047
0b1111111111110100
0b11111111111
['AND', 256, 257, 259] 2046
8190 2047 2046
0b1111111111110
0b11111111111
0b11111111110
['AND', 237, 239, 240] 6146
8191 63490 6146
0b1111111111111
0b1111100000000010
0b1100000000010
['NOT', 200, 201] 59382
6153 59382
0b1100000001001
0b1110011111110110
['NOT', 217, 218] 63493
2042 63493
0b11111111010
0b1111100000000101
['AND', 140, 142, 143] 55853
65327 56061 55853
0b1111111100101111
0b1101101011111101
0b1101101000101101
['AND', 119, 121, 122] 56411
65119 56827 56411
0b1111111001011111
0b1101110111111011
0b1101110001011011
['OR', 234, 240, 241] 16378
16378 6146 16378
0b11111111111010
0b1100000000010
0b11111111111010
Completed: 229 of 337
lx (335):-1
10
[-1, 19138, 0, 4784, 2392, 598, 2910, 80, 65455, 2830, 7102, 512, 65023, 6590, 23550, 2178, 63357, 21372, 1, 0, 1, 9569, 32768, 42337, 10584, 5292, 1323, 5551, 1064, 64471, 4487, 14815, 256, 65279, 14559, 48639, 8257, 57278, 40382, 1, 2, 3, 21168, 32768, 53936, 13484, 6742, 1685, 7895, 532, 65003, 7363, 15599, 5248, 60287, 10351, 64255, 32, 65503, 64223, 1, 6, 7, 26968, 32768, 59736, 14934, 7467, 1866, 8043, 1290, 64245, 6753, 14967, 6720, 58815, 8247, 59775, 8208, 57327, 51567, 1, 14, 15, 29868, 32768, 62636, 15659, 7829, 1957, 8117, 1669, 63866, 6448, 15675, 6432, 59103, 9243, 62655, 9224, 56311, 53431, 1, 30, 31, 31318, 32768, 64086, 16021, 8010, 2002, 8154, 1858, 63677, 6296, 16029, 6288, 59247, 9741, 65119, 8708, 56827, 56411, 1, 62, 63, 32043, 32768, 64811, 16202, 8101, 2025, 8173, 1953, 63582, 6220, 16206, 6216, 59319, 9990, 65327, 9474, 56061, 55853, 1, 126, 127, 32405, 32768, 65173, 16293, 8146, 2036, 8182, 2000, 63535, 6182, 16295, 6180, 59355, 10115, 65431, 9857, 55678, 55574, 1, 254, 255, 32586, 32768, 65354, 16338, 8169, 2042, 8187, 2024, 63511, -1, -1, -1, -1, -1, -1, -1, -1, -1, 1, 510, -1, 32677, 32768, 65445, 16361, 8180, 2045, 8189, 2036, 63499, 6153, 16361, 6153, 59382, -1, -1, -1, -1, -1, 1, -1, -1, 32722, 32768, 65490, 16372, 8186, 2046, 8190, 2042, 63493, -1, -1, -1, -1, -1, -1, -1, -1, -1, 1, -1, -1, 32745, 32768, 65513, 16378, 8189, 2047, 8191, 2045, 63490, 6146, 16378, -1, -1, -1, -1, -1, -1, -1, 1, -1, -1, 32756, 32768, 65524, 16381, 8190, 2047, -1, 2046, -1, -1, -1, -1, -1, -1, -1, -1, -1, -1, 1, -1, -1, -1, 32768, -1, -1, -1, -1, -1, -1, -1, -1, -1, -1, -1, -1, -1, -1, -1, -1, 1, -1, -1, -1, 32768, -1, -1, -1, -1, -1, -1, -1, -1, -1, -1, -1, -1, -1, -1, -1, -1, 1, -1, -1, -1, 32768, -1, -1, -1, -1, -1, -1, -1, -1, -1, -1, -1, -1, -1, -1, -1, -1, 1, -1, -1, -1, 32768, -1]
['RSHIFT', 254, 1, 273] 32762
65524 32762
0b1111111111110100
0b111111111111010
['OR', 187, 186, 188] 511
510 1 511
0b111111110
0b1
0b111111111
['AND', 216, 218, 219] 6148
8190 63493 6148
0b1111111111110
0b1111100000000101
0b1100000000100
['AND', 174, 176, 177] 6163
8187 63511 6163
0b1111111111011
0b1111100000010111
0b1100000010011
['OR', 273, 274, 275] 65530
32762 32768 65530
0b111111111111010
0b1000000000000000
0b1111111111111010
['NOT', 259, 260] 63489
2046 63489
0b11111111110
0b1111100000000001
['AND', 171, 177, 179] 6162
16338 6163 6162
0b11111111010010
0b1100000010011
0b1100000010010
['AND', 234, 240, 242] 6146
16378 6146 6146
0b11111111111010
0b1100000000010
0b1100000000010
['OR', 256, 257, 258] 8191
8190 2047 8191
0b1111111111110
0b11111111111
0b1111111111111
['RSHIFT', 275, 1, 294] 32765
65530 32765
0b1111111111111010
0b111111111111101
['AND', 199, 201, 202] 10208
16361 59382 10208
0b11111111101001
0b1110011111110110
0b10011111100000
['AND', 191, 202, 204] 10144
65445 10208 10144
0b1111111110100101
0b10011111100000
0b10011110100000
['OR', 171, 177, 178] 16339
16338 6163 16339
0b11111111010010
0b1100000010011
0b11111111010011
['AND', 258, 260, 261] 6145
8191 63489 6145
0b1111111111111
0b1111100000000001
0b1100000000001
['RSHIFT', 275, 3, 277] 8191
65530 8191
0b1111111111111010
0b1111111111111
['OR', 191, 202, 203] 65509
65445 10208 65509
0b1111111110100101
0b10011111100000
0b1111111111100101
['AND', 255, 261, 263] 6145
16381 6145 6145
0b11111111111101
0b1100000000001
0b1100000000001
-1==-1
['LSHIFT', 188, 1, 208] 1022
511 1022
0b111111111
0b1111111110
['OR', 294, 295, 296] 65533
32765 32768 65533
0b111111111111101
0b1000000000000000
0b1111111111111101
['RSHIFT', 296, 5, 299] 2047
65533 2047
0b1111111111111101
0b11111111111
['RSHIFT', 296, 1, 315] 32766
65533 32766
0b1111111111111101
0b111111111111110
['OR', 213, 219, 220] 16372
16372 6148 16372
0b11111111110100
0b1100000000100
0b11111111110100
['AND', 213, 219, 221] 6148
16372 6148 6148
0b11111111110100
0b1100000000100
0b1100000000100
['NOT', 221, 222] 59387
6148 59387
0b1100000000100
0b1110011111111011
Completed: 253 of 337
lx (335):-1
11
[-1, 19138, 0, 4784, 2392, 598, 2910, 80, 65455, 2830, 7102, 512, 65023, 6590, 23550, 2178, 63357, 21372, 1, 0, 1, 9569, 32768, 42337, 10584, 5292, 1323, 5551, 1064, 64471, 4487, 14815, 256, 65279, 14559, 48639, 8257, 57278, 40382, 1, 2, 3, 21168, 32768, 53936, 13484, 6742, 1685, 7895, 532, 65003, 7363, 15599, 5248, 60287, 10351, 64255, 32, 65503, 64223, 1, 6, 7, 26968, 32768, 59736, 14934, 7467, 1866, 8043, 1290, 64245, 6753, 14967, 6720, 58815, 8247, 59775, 8208, 57327, 51567, 1, 14, 15, 29868, 32768, 62636, 15659, 7829, 1957, 8117, 1669, 63866, 6448, 15675, 6432, 59103, 9243, 62655, 9224, 56311, 53431, 1, 30, 31, 31318, 32768, 64086, 16021, 8010, 2002, 8154, 1858, 63677, 6296, 16029, 6288, 59247, 9741, 65119, 8708, 56827, 56411, 1, 62, 63, 32043, 32768, 64811, 16202, 8101, 2025, 8173, 1953, 63582, 6220, 16206, 6216, 59319, 9990, 65327, 9474, 56061, 55853, 1, 126, 127, 32405, 32768, 65173, 16293, 8146, 2036, 8182, 2000, 63535, 6182, 16295, 6180, 59355, 10115, 65431, 9857, 55678, 55574, 1, 254, 255, 32586, 32768, 65354, 16338, 8169, 2042, 8187, 2024, 63511, 6163, 16339, 6162, -1, -1, -1, -1, -1, -1, 1, 510, 511, 32677, 32768, 65445, 16361, 8180, 2045, 8189, 2036, 63499, 6153, 16361, 6153, 59382, 10208, 65509, 10144, -1, -1, 1, 1022, -1, 32722, 32768, 65490, 16372, 8186, 2046, 8190, 2042, 63493, 6148, 16372, 6148, 59387, -1, -1, -1, -1, -1, 1, -1, -1, 32745, 32768, 65513, 16378, 8189, 2047, 8191, 2045, 63490, 6146, 16378, 6146, -1, -1, -1, -1, -1, -1, 1, -1, -1, 32756, 32768, 65524, 16381, 8190, 2047, 8191, 2046, 63489, 6145, -1, 6145, -1, -1, -1, -1, -1, -1, 1, -1, -1, 32762, 32768, 65530, -1, 8191, -1, -1, -1, -1, -1, -1, -1, -1, -1, -1, -1, -1, -1, 1, -1, -1, 32765, 32768, 65533, -1, -1, 2047, -1, -1, -1, -1, -1, -1, -1, -1, -1, -1, -1, -1, 1, -1, -1, 32766, 32768, -1, -1, -1, -1, -1, -1, -1, -1, -1, -1, -1, -1, -1, -1, -1, -1, 1, -1, -1, -1, 32768, -1]
['NOT', 179, 180] 59373
6162 59373
0b1100000010010
0b1110011111101101
['RSHIFT', 275, 2, 276] 16382
65530 16382
0b1111111111111010
0b11111111111110
['RSHIFT', 275, 5, 278] 2047
65530 2047
0b1111111111111010
0b11111111111
['NOT', 242, 243] 59389
6146 59389
0b1100000000010
0b1110011111111101
['NOT', 204, 205] 55391
10144 55391
0b10011110100000
0b1101100001011111
['OR', 255, 261, 262] 16381
16381 6145 16381
0b11111111111101
0b1100000000001
0b11111111111101
['OR', 315, 316, 317] 65534
32766 32768 65534
0b111111111111110
0b1000000000000000
0b1111111111111110
['RSHIFT', 317, 3, 319] 8191
65534 8191
0b1111111111111110
0b1111111111111
['OR', 208, 207, 209] 1023
1022 1 1023
0b1111111110
0b1
0b1111111111
['RSHIFT', 296, 2, 297] 16383
65533 16383
0b1111111111111101
0b11111111111111
['RSHIFT', 317, 5, 320] 2047
65534 2047
0b1111111111111110
0b11111111111
['AND', 220, 222, 223] 10224
16372 59387 10224
0b11111111110100
0b1110011111111011
0b10011111110000
['AND', 319, 320, 322] 2047
8191 2047 2047
0b1111111111111
0b11111111111
0b11111111111
['NOT', 322, 323] 63488
2047 63488
0b11111111111
0b1111100000000000
['NOT', 263, 264] 59390
6145 59390
0b1100000000001
0b1110011111111110
['OR', 212, 223, 224] 65522
65490 10224 65522
0b1111111111010010
0b10011111110000
0b1111111111110010
['OR', 319, 320, 321] 8191
8191 2047 8191
0b1111111111111
0b11111111111
0b1111111111111
['AND', 178, 180, 181] 10177
16339 59373 10177
0b11111111010011
0b1110011111101101
0b10011111000001
['RSHIFT', 317, 1, 336] 32767
65534 32767
0b1111111111111110
0b111111111111111
['AND', 262, 264, 265] 10236
16381 59390 10236
0b11111111111101
0b1110011111111110
0b10011111111100
['AND', 203, 205, 206] 55365
65509 55391 55365
0b1111111111100101
0b1101100001011111
0b1101100001000101
['AND', 212, 223, 225] 10192
65490 10224 10192
0b1111111111010010
0b10011111110000
0b10011111010000
['RSHIFT', 296, 3, 298] 8191
65533 8191
0b1111111111111101
0b1111111111111
['OR', 298, 299, 300] 8191
8191 2047 8191
0b1111111111111
0b11111111111
0b1111111111111
['AND', 241, 243, 244] 10232
16378 59389 10232
0b11111111111010
0b1110011111111101
0b10011111111000
['AND', 277, 278, 280] 2047
8191 2047 2047
0b1111111111111
0b11111111111
0b11111111111
['NOT', 280, 281] 63488
2047 63488
0b11111111111
0b1111100000000000
['OR', 233, 244, 245] 65529
65513 10232 65529
0b1111111111101001
0b10011111111000
0b1111111111111001
['AND', 233, 244, 246] 10216
65513 10232 10216
0b1111111111101001
0b10011111111000
0b10011111101000
['OR', 277, 278, 279] 8191
8191 2047 8191
0b1111111111111
0b11111111111
0b1111111111111
-1==-1
['LSHIFT', 209, 1, 229] 2046
1023 2046
0b1111111111
0b11111111110
['AND', 170, 181, 183] 10048
65354 10177 10048
0b1111111101001010
0b10011111000001
0b10011101000000
Completed: 285 of 337
lx (335):-1
12
[-1, 19138, 0, 4784, 2392, 598, 2910, 80, 65455, 2830, 7102, 512, 65023, 6590, 23550, 2178, 63357, 21372, 1, 0, 1, 9569, 32768, 42337, 10584, 5292, 1323, 5551, 1064, 64471, 4487, 14815, 256, 65279, 14559, 48639, 8257, 57278, 40382, 1, 2, 3, 21168, 32768, 53936, 13484, 6742, 1685, 7895, 532, 65003, 7363, 15599, 5248, 60287, 10351, 64255, 32, 65503, 64223, 1, 6, 7, 26968, 32768, 59736, 14934, 7467, 1866, 8043, 1290, 64245, 6753, 14967, 6720, 58815, 8247, 59775, 8208, 57327, 51567, 1, 14, 15, 29868, 32768, 62636, 15659, 7829, 1957, 8117, 1669, 63866, 6448, 15675, 6432, 59103, 9243, 62655, 9224, 56311, 53431, 1, 30, 31, 31318, 32768, 64086, 16021, 8010, 2002, 8154, 1858, 63677, 6296, 16029, 6288, 59247, 9741, 65119, 8708, 56827, 56411, 1, 62, 63, 32043, 32768, 64811, 16202, 8101, 2025, 8173, 1953, 63582, 6220, 16206, 6216, 59319, 9990, 65327, 9474, 56061, 55853, 1, 126, 127, 32405, 32768, 65173, 16293, 8146, 2036, 8182, 2000, 63535, 6182, 16295, 6180, 59355, 10115, 65431, 9857, 55678, 55574, 1, 254, 255, 32586, 32768, 65354, 16338, 8169, 2042, 8187, 2024, 63511, 6163, 16339, 6162, 59373, 10177, -1, 10048, -1, -1, 1, 510, 511, 32677, 32768, 65445, 16361, 8180, 2045, 8189, 2036, 63499, 6153, 16361, 6153, 59382, 10208, 65509, 10144, 55391, 55365, 1, 1022, 1023, 32722, 32768, 65490, 16372, 8186, 2046, 8190, 2042, 63493, 6148, 16372, 6148, 59387, 10224, 65522, 10192, -1, -1, 1, 2046, -1, 32745, 32768, 65513, 16378, 8189, 2047, 8191, 2045, 63490, 6146, 16378, 6146, 59389, 10232, 65529, 10216, -1, -1, 1, -1, -1, 32756, 32768, 65524, 16381, 8190, 2047, 8191, 2046, 63489, 6145, 16381, 6145, 59390, 10236, -1, -1, -1, -1, 1, -1, -1, 32762, 32768, 65530, 16382, 8191, 2047, 8191, 2047, 63488, -1, -1, -1, -1, -1, -1, -1, -1, -1, 1, -1, -1, 32765, 32768, 65533, 16383, 8191, 2047, 8191, -1, -1, -1, -1, -1, -1, -1, -1, -1, -1, -1, 1, -1, -1, 32766, 32768, 65534, -1, 8191, 2047, 8191, 2047, 63488, -1, -1, -1, -1, -1, -1, -1, -1, -1, 1, -1, -1, 32767, 32768, -1]
['RSHIFT', 317, 2, 318] 16383
65534 16383
0b1111111111111110
0b11111111111111
['OR', 336, 337, 338] 65535
32767 32768 65535
0b111111111111111
0b1000000000000000
0b1111111111111111
['AND', 321, 323, 324] 6144
8191 63488 6144
0b1111111111111
0b1111100000000000
0b1100000000000
['OR', 229, 228, 230] 2047
2046 1 2047
0b11111111110
0b1
0b11111111111
['OR', 318, 324, 325] 16383
16383 6144 16383
0b11111111111111
0b1100000000000
0b11111111111111
['NOT', 183, 184] 55487
10048 55487
0b10011101000000
0b1101100010111111
['AND', 298, 299, 301] 2047
8191 2047 2047
0b1111111111111
0b11111111111
0b11111111111
['NOT', 225, 226] 55343
10192 55343
0b10011111010000
0b1101100000101111
['NOT', 301, 302] 63488
2047 63488
0b11111111111
0b1111100000000000
['OR', 170, 181, 182] 65483
65354 10177 65483
0b1111111101001010
0b10011111000001
0b1111111111001011
['AND', 318, 324, 326] 6144
16383 6144 6144
0b11111111111111
0b1100000000000
0b1100000000000
['NOT', 326, 327] 59391
6144 59391
0b1100000000000
0b1110011111111111
-1==-1
['LSHIFT', 230, 1, 250] 4094
2047 4094
0b11111111111
0b111111111110
['NOT', 246, 247] 55319
10216 55319
0b10011111101000
0b1101100000010111
['AND', 254, 265, 267] 10228
65524 10236 10228
0b1111111111110100
0b10011111111100
0b10011111110100
['OR', 254, 265, 266] 65532
65524 10236 65532
0b1111111111110100
0b10011111111100
0b1111111111111100
['OR', 250, 249, 251] 4095
4094 1 4095
0b111111111110
0b1
0b111111111111
['AND', 182, 184, 185] 55435
65483 55487 55435
0b1111111111001011
0b1101100010111111
0b1101100010001011
['AND', 279, 281, 282] 6144
8191 63488 6144
0b1111111111111
0b1111100000000000
0b1100000000000
Completed: 304 of 337
lx (335):-1
13
[-1, 19138, 0, 4784, 2392, 598, 2910, 80, 65455, 2830, 7102, 512, 65023, 6590, 23550, 2178, 63357, 21372, 1, 0, 1, 9569, 32768, 42337, 10584, 5292, 1323, 5551, 1064, 64471, 4487, 14815, 256, 65279, 14559, 48639, 8257, 57278, 40382, 1, 2, 3, 21168, 32768, 53936, 13484, 6742, 1685, 7895, 532, 65003, 7363, 15599, 5248, 60287, 10351, 64255, 32, 65503, 64223, 1, 6, 7, 26968, 32768, 59736, 14934, 7467, 1866, 8043, 1290, 64245, 6753, 14967, 6720, 58815, 8247, 59775, 8208, 57327, 51567, 1, 14, 15, 29868, 32768, 62636, 15659, 7829, 1957, 8117, 1669, 63866, 6448, 15675, 6432, 59103, 9243, 62655, 9224, 56311, 53431, 1, 30, 31, 31318, 32768, 64086, 16021, 8010, 2002, 8154, 1858, 63677, 6296, 16029, 6288, 59247, 9741, 65119, 8708, 56827, 56411, 1, 62, 63, 32043, 32768, 64811, 16202, 8101, 2025, 8173, 1953, 63582, 6220, 16206, 6216, 59319, 9990, 65327, 9474, 56061, 55853, 1, 126, 127, 32405, 32768, 65173, 16293, 8146, 2036, 8182, 2000, 63535, 6182, 16295, 6180, 59355, 10115, 65431, 9857, 55678, 55574, 1, 254, 255, 32586, 32768, 65354, 16338, 8169, 2042, 8187, 2024, 63511, 6163, 16339, 6162, 59373, 10177, 65483, 10048, 55487, 55435, 1, 510, 511, 32677, 32768, 65445, 16361, 8180, 2045, 8189, 2036, 63499, 6153, 16361, 6153, 59382, 10208, 65509, 10144, 55391, 55365, 1, 1022, 1023, 32722, 32768, 65490, 16372, 8186, 2046, 8190, 2042, 63493, 6148, 16372, 6148, 59387, 10224, 65522, 10192, 55343, -1, 1, 2046, 2047, 32745, 32768, 65513, 16378, 8189, 2047, 8191, 2045, 63490, 6146, 16378, 6146, 59389, 10232, 65529, 10216, 55319, -1, 1, 4094, 4095, 32756, 32768, 65524, 16381, 8190, 2047, 8191, 2046, 63489, 6145, 16381, 6145, 59390, 10236, 65532, 10228, -1, -1, 1, -1, -1, 32762, 32768, 65530, 16382, 8191, 2047, 8191, 2047, 63488, 6144, -1, -1, -1, -1, -1, -1, -1, -1, 1, -1, -1, 32765, 32768, 65533, 16383, 8191, 2047, 8191, 2047, 63488, -1, -1, -1, -1, -1, -1, -1, -1, -1, 1, -1, -1, 32766, 32768, 65534, 16383, 8191, 2047, 8191, 2047, 63488, 6144, 16383, 6144, 59391, -1, -1, -1, -1, -1, 1, -1, -1, 32767, 32768, 65535]
['AND', 300, 302, 303] 6144
8191 63488 6144
0b1111111111111
0b1111100000000000
0b1100000000000
['AND', 224, 226, 227] 55330
65522 55343 55330
0b1111111111110010
0b1101100000101111
0b1101100000100010
['AND', 245, 247, 248] 55313
65529 55319 55313
0b1111111111111001
0b1101100000010111
0b1101100000010001
['NOT', 267, 268] 55307
10228 55307
0b10011111110100
0b1101100000001011
-1==-1
['LSHIFT', 251, 1, 271] 8190
4095 8190
0b111111111111
0b1111111111110
['AND', 325, 327, 328] 10239
16383 59391 10239
0b11111111111111
0b1110011111111111
0b10011111111111
['AND', 266, 268, 269] 55304
65532 55307 55304
0b1111111111111100
0b1101100000001011
0b1101100000001000
['OR', 317, 328, 329] 65535
65534 10239 65535
0b1111111111111110
0b10011111111111
0b1111111111111111
['OR', 271, 270, 272] 8191
8190 1 8191
0b1111111111110
0b1
0b1111111111111
['AND', 297, 303, 305] 6144
16383 6144 6144
0b11111111111111
0b1100000000000
0b1100000000000
['OR', 276, 282, 283] 16382
16382 6144 16382
0b11111111111110
0b1100000000000
0b11111111111110
['AND', 276, 282, 284] 6144
16382 6144 6144
0b11111111111110
0b1100000000000
0b1100000000000
Completed: 316 of 337
lx (335):-1
14
[-1, 19138, 0, 4784, 2392, 598, 2910, 80, 65455, 2830, 7102, 512, 65023, 6590, 23550, 2178, 63357, 21372, 1, 0, 1, 9569, 32768, 42337, 10584, 5292, 1323, 5551, 1064, 64471, 4487, 14815, 256, 65279, 14559, 48639, 8257, 57278, 40382, 1, 2, 3, 21168, 32768, 53936, 13484, 6742, 1685, 7895, 532, 65003, 7363, 15599, 5248, 60287, 10351, 64255, 32, 65503, 64223, 1, 6, 7, 26968, 32768, 59736, 14934, 7467, 1866, 8043, 1290, 64245, 6753, 14967, 6720, 58815, 8247, 59775, 8208, 57327, 51567, 1, 14, 15, 29868, 32768, 62636, 15659, 7829, 1957, 8117, 1669, 63866, 6448, 15675, 6432, 59103, 9243, 62655, 9224, 56311, 53431, 1, 30, 31, 31318, 32768, 64086, 16021, 8010, 2002, 8154, 1858, 63677, 6296, 16029, 6288, 59247, 9741, 65119, 8708, 56827, 56411, 1, 62, 63, 32043, 32768, 64811, 16202, 8101, 2025, 8173, 1953, 63582, 6220, 16206, 6216, 59319, 9990, 65327, 9474, 56061, 55853, 1, 126, 127, 32405, 32768, 65173, 16293, 8146, 2036, 8182, 2000, 63535, 6182, 16295, 6180, 59355, 10115, 65431, 9857, 55678, 55574, 1, 254, 255, 32586, 32768, 65354, 16338, 8169, 2042, 8187, 2024, 63511, 6163, 16339, 6162, 59373, 10177, 65483, 10048, 55487, 55435, 1, 510, 511, 32677, 32768, 65445, 16361, 8180, 2045, 8189, 2036, 63499, 6153, 16361, 6153, 59382, 10208, 65509, 10144, 55391, 55365, 1, 1022, 1023, 32722, 32768, 65490, 16372, 8186, 2046, 8190, 2042, 63493, 6148, 16372, 6148, 59387, 10224, 65522, 10192, 55343, 55330, 1, 2046, 2047, 32745, 32768, 65513, 16378, 8189, 2047, 8191, 2045, 63490, 6146, 16378, 6146, 59389, 10232, 65529, 10216, 55319, 55313, 1, 4094, 4095, 32756, 32768, 65524, 16381, 8190, 2047, 8191, 2046, 63489, 6145, 16381, 6145, 59390, 10236, 65532, 10228, 55307, 55304, 1, 8190, 8191, 32762, 32768, 65530, 16382, 8191, 2047, 8191, 2047, 63488, 6144, 16382, 6144, -1, -1, -1, -1, -1, -1, 1, -1, -1, 32765, 32768, 65533, 16383, 8191, 2047, 8191, 2047, 63488, 6144, -1, 6144, -1, -1, -1, -1, -1, -1, 1, -1, -1, 32766, 32768, 65534, 16383, 8191, 2047, 8191, 2047, 63488, 6144, 16383, 6144, 59391, 10239, 65535, -1, -1, -1, 1, -1, -1, 32767, 32768, 65535]
['AND', 317, 328, 330] 10238
65534 10239 10238
0b1111111111111110
0b10011111111111
0b10011111111110
['NOT', 305, 306] 59391
6144 59391
0b1100000000000
0b1110011111111111
['OR', 297, 303, 304] 16383
16383 6144 16383
0b11111111111111
0b1100000000000
0b11111111111111
-1==-1
['LSHIFT', 272, 1, 292] 16382
8191 16382
0b1111111111111
0b11111111111110
['OR', 292, 291, 293] 16383
16382 1 16383
0b11111111111110
0b1
0b11111111111111
['NOT', 330, 331] 55297
10238 55297
0b10011111111110
0b1101100000000001
['AND', 329, 331, 332] 55297
65535 55297 55297
0b1111111111111111
0b1101100000000001
0b1101100000000001
['AND', 304, 306, 307] 10239
16383 59391 10239
0b11111111111111
0b1110011111111111
0b10011111111111
['NOT', 284, 285] 59391
6144 59391
0b1100000000000
0b1110011111111111
Completed: 325 of 337
lx (335):-1
15
[-1, 19138, 0, 4784, 2392, 598, 2910, 80, 65455, 2830, 7102, 512, 65023, 6590, 23550, 2178, 63357, 21372, 1, 0, 1, 9569, 32768, 42337, 10584, 5292, 1323, 5551, 1064, 64471, 4487, 14815, 256, 65279, 14559, 48639, 8257, 57278, 40382, 1, 2, 3, 21168, 32768, 53936, 13484, 6742, 1685, 7895, 532, 65003, 7363, 15599, 5248, 60287, 10351, 64255, 32, 65503, 64223, 1, 6, 7, 26968, 32768, 59736, 14934, 7467, 1866, 8043, 1290, 64245, 6753, 14967, 6720, 58815, 8247, 59775, 8208, 57327, 51567, 1, 14, 15, 29868, 32768, 62636, 15659, 7829, 1957, 8117, 1669, 63866, 6448, 15675, 6432, 59103, 9243, 62655, 9224, 56311, 53431, 1, 30, 31, 31318, 32768, 64086, 16021, 8010, 2002, 8154, 1858, 63677, 6296, 16029, 6288, 59247, 9741, 65119, 8708, 56827, 56411, 1, 62, 63, 32043, 32768, 64811, 16202, 8101, 2025, 8173, 1953, 63582, 6220, 16206, 6216, 59319, 9990, 65327, 9474, 56061, 55853, 1, 126, 127, 32405, 32768, 65173, 16293, 8146, 2036, 8182, 2000, 63535, 6182, 16295, 6180, 59355, 10115, 65431, 9857, 55678, 55574, 1, 254, 255, 32586, 32768, 65354, 16338, 8169, 2042, 8187, 2024, 63511, 6163, 16339, 6162, 59373, 10177, 65483, 10048, 55487, 55435, 1, 510, 511, 32677, 32768, 65445, 16361, 8180, 2045, 8189, 2036, 63499, 6153, 16361, 6153, 59382, 10208, 65509, 10144, 55391, 55365, 1, 1022, 1023, 32722, 32768, 65490, 16372, 8186, 2046, 8190, 2042, 63493, 6148, 16372, 6148, 59387, 10224, 65522, 10192, 55343, 55330, 1, 2046, 2047, 32745, 32768, 65513, 16378, 8189, 2047, 8191, 2045, 63490, 6146, 16378, 6146, 59389, 10232, 65529, 10216, 55319, 55313, 1, 4094, 4095, 32756, 32768, 65524, 16381, 8190, 2047, 8191, 2046, 63489, 6145, 16381, 6145, 59390, 10236, 65532, 10228, 55307, 55304, 1, 8190, 8191, 32762, 32768, 65530, 16382, 8191, 2047, 8191, 2047, 63488, 6144, 16382, 6144, 59391, -1, -1, -1, -1, -1, 1, 16382, 16383, 32765, 32768, 65533, 16383, 8191, 2047, 8191, 2047, 63488, 6144, 16383, 6144, 59391, 10239, -1, -1, -1, -1, 1, -1, -1, 32766, 32768, 65534, 16383, 8191, 2047, 8191, 2047, 63488, 6144, 16383, 6144, 59391, 10239, 65535, 10238, 55297, 55297, 1, -1, -1, 32767, 32768, 65535]
-1==-1
['LSHIFT', 293, 1, 313] 32766
16383 32766
0b11111111111111
0b111111111111110
['OR', 313, 312, 314] 32767
32766 1 32767
0b111111111111110
0b1
0b111111111111111
-1==-1
['LSHIFT', 314, 1, 334] 65534
32767 65534
0b111111111111111
0b1111111111111110
['AND', 296, 307, 309] 10237
65533 10239 10237
0b1111111111111101
0b10011111111111
0b10011111111101
['OR', 296, 307, 308] 65535
65533 10239 65535
0b1111111111111101
0b10011111111111
0b1111111111111111
['AND', 283, 285, 286] 10238
16382 59391 10238
0b11111111111110
0b1110011111111111
0b10011111111110
Completed: 331 of 337
lx (335):-1
16
[-1, 19138, 0, 4784, 2392, 598, 2910, 80, 65455, 2830, 7102, 512, 65023, 6590, 23550, 2178, 63357, 21372, 1, 0, 1, 9569, 32768, 42337, 10584, 5292, 1323, 5551, 1064, 64471, 4487, 14815, 256, 65279, 14559, 48639, 8257, 57278, 40382, 1, 2, 3, 21168, 32768, 53936, 13484, 6742, 1685, 7895, 532, 65003, 7363, 15599, 5248, 60287, 10351, 64255, 32, 65503, 64223, 1, 6, 7, 26968, 32768, 59736, 14934, 7467, 1866, 8043, 1290, 64245, 6753, 14967, 6720, 58815, 8247, 59775, 8208, 57327, 51567, 1, 14, 15, 29868, 32768, 62636, 15659, 7829, 1957, 8117, 1669, 63866, 6448, 15675, 6432, 59103, 9243, 62655, 9224, 56311, 53431, 1, 30, 31, 31318, 32768, 64086, 16021, 8010, 2002, 8154, 1858, 63677, 6296, 16029, 6288, 59247, 9741, 65119, 8708, 56827, 56411, 1, 62, 63, 32043, 32768, 64811, 16202, 8101, 2025, 8173, 1953, 63582, 6220, 16206, 6216, 59319, 9990, 65327, 9474, 56061, 55853, 1, 126, 127, 32405, 32768, 65173, 16293, 8146, 2036, 8182, 2000, 63535, 6182, 16295, 6180, 59355, 10115, 65431, 9857, 55678, 55574, 1, 254, 255, 32586, 32768, 65354, 16338, 8169, 2042, 8187, 2024, 63511, 6163, 16339, 6162, 59373, 10177, 65483, 10048, 55487, 55435, 1, 510, 511, 32677, 32768, 65445, 16361, 8180, 2045, 8189, 2036, 63499, 6153, 16361, 6153, 59382, 10208, 65509, 10144, 55391, 55365, 1, 1022, 1023, 32722, 32768, 65490, 16372, 8186, 2046, 8190, 2042, 63493, 6148, 16372, 6148, 59387, 10224, 65522, 10192, 55343, 55330, 1, 2046, 2047, 32745, 32768, 65513, 16378, 8189, 2047, 8191, 2045, 63490, 6146, 16378, 6146, 59389, 10232, 65529, 10216, 55319, 55313, 1, 4094, 4095, 32756, 32768, 65524, 16381, 8190, 2047, 8191, 2046, 63489, 6145, 16381, 6145, 59390, 10236, 65532, 10228, 55307, 55304, 1, 8190, 8191, 32762, 32768, 65530, 16382, 8191, 2047, 8191, 2047, 63488, 6144, 16382, 6144, 59391, 10238, -1, -1, -1, -1, 1, 16382, 16383, 32765, 32768, 65533, 16383, 8191, 2047, 8191, 2047, 63488, 6144, 16383, 6144, 59391, 10239, 65535, 10237, -1, -1, 1, 32766, 32767, 32766, 32768, 65534, 16383, 8191, 2047, 8191, 2047, 63488, 6144, 16383, 6144, 59391, 10239, 65535, 10238, 55297, 55297, 1, 65534, -1, 32767, 32768, 65535]
['OR', 275, 286, 287] 65534
65530 10238 65534
0b1111111111111010
0b10011111111110
0b1111111111111110
['NOT', 309, 310] 55298
10237 55298
0b10011111111101
0b1101100000000010
['OR', 334, 333, 335] 65535
65534 1 65535
0b1111111111111110
0b1
0b1111111111111111
['AND', 275, 286, 288] 10234
65530 10238 10234
0b1111111111111010
0b10011111111110
0b10011111111010
['NOT', 288, 289] 55301
10234 55301
0b10011111111010
0b1101100000000101
['AND', 308, 310, 311] 55298
65535 55298 55298
0b1111111111111111
0b1101100000000010
0b1101100000000010
Completed: 337 of 337
lx (335):65535
17
[-1, 19138, 0, 4784, 2392, 598, 2910, 80, 65455, 2830, 7102, 512, 65023, 6590, 23550, 2178, 63357, 21372, 1, 0, 1, 9569, 32768, 42337, 10584, 5292, 1323, 5551, 1064, 64471, 4487, 14815, 256, 65279, 14559, 48639, 8257, 57278, 40382, 1, 2, 3, 21168, 32768, 53936, 13484, 6742, 1685, 7895, 532, 65003, 7363, 15599, 5248, 60287, 10351, 64255, 32, 65503, 64223, 1, 6, 7, 26968, 32768, 59736, 14934, 7467, 1866, 8043, 1290, 64245, 6753, 14967, 6720, 58815, 8247, 59775, 8208, 57327, 51567, 1, 14, 15, 29868, 32768, 62636, 15659, 7829, 1957, 8117, 1669, 63866, 6448, 15675, 6432, 59103, 9243, 62655, 9224, 56311, 53431, 1, 30, 31, 31318, 32768, 64086, 16021, 8010, 2002, 8154, 1858, 63677, 6296, 16029, 6288, 59247, 9741, 65119, 8708, 56827, 56411, 1, 62, 63, 32043, 32768, 64811, 16202, 8101, 2025, 8173, 1953, 63582, 6220, 16206, 6216, 59319, 9990, 65327, 9474, 56061, 55853, 1, 126, 127, 32405, 32768, 65173, 16293, 8146, 2036, 8182, 2000, 63535, 6182, 16295, 6180, 59355, 10115, 65431, 9857, 55678, 55574, 1, 254, 255, 32586, 32768, 65354, 16338, 8169, 2042, 8187, 2024, 63511, 6163, 16339, 6162, 59373, 10177, 65483, 10048, 55487, 55435, 1, 510, 511, 32677, 32768, 65445, 16361, 8180, 2045, 8189, 2036, 63499, 6153, 16361, 6153, 59382, 10208, 65509, 10144, 55391, 55365, 1, 1022, 1023, 32722, 32768, 65490, 16372, 8186, 2046, 8190, 2042, 63493, 6148, 16372, 6148, 59387, 10224, 65522, 10192, 55343, 55330, 1, 2046, 2047, 32745, 32768, 65513, 16378, 8189, 2047, 8191, 2045, 63490, 6146, 16378, 6146, 59389, 10232, 65529, 10216, 55319, 55313, 1, 4094, 4095, 32756, 32768, 65524, 16381, 8190, 2047, 8191, 2046, 63489, 6145, 16381, 6145, 59390, 10236, 65532, 10228, 55307, 55304, 1, 8190, 8191, 32762, 32768, 65530, 16382, 8191, 2047, 8191, 2047, 63488, 6144, 16382, 6144, 59391, 10238, 65534, 10234, 55301, -1, 1, 16382, 16383, 32765, 32768, 65533, 16383, 8191, 2047, 8191, 2047, 63488, 6144, 16383, 6144, 59391, 10239, 65535, 10237, 55298, 55298, 1, 32766, 32767, 32766, 32768, 65534, 16383, 8191, 2047, 8191, 2047, 63488, 6144, 16383, 6144, 59391, 10239, 65535, 10238, 55297, 55297, 1, 65534, 65535, 32767, 32768, 65535]
['AND', 287, 289, 290] 55300
65534 55301 55300
0b1111111111111110
0b1101100000000101
0b1101100000000100
['STORE', 335, 0] 65535
65535 65535
0b1111111111111111
0b1111111111111111
Completed: 339 of 337
lx (335):65535
[65535, 19138, 0, 4784, 2392, 598, 2910, 80, 65455, 2830, 7102, 512, 65023, 6590, 23550, 2178, 63357, 21372, 1, 0, 1, 9569, 32768, 42337, 10584, 5292, 1323, 5551, 1064, 64471, 4487, 14815, 256, 65279, 14559, 48639, 8257, 57278, 40382, 1, 2, 3, 21168, 32768, 53936, 13484, 6742, 1685, 7895, 532, 65003, 7363, 15599, 5248, 60287, 10351, 64255, 32, 65503, 64223, 1, 6, 7, 26968, 32768, 59736, 14934, 7467, 1866, 8043, 1290, 64245, 6753, 14967, 6720, 58815, 8247, 59775, 8208, 57327, 51567, 1, 14, 15, 29868, 32768, 62636, 15659, 7829, 1957, 8117, 1669, 63866, 6448, 15675, 6432, 59103, 9243, 62655, 9224, 56311, 53431, 1, 30, 31, 31318, 32768, 64086, 16021, 8010, 2002, 8154, 1858, 63677, 6296, 16029, 6288, 59247, 9741, 65119, 8708, 56827, 56411, 1, 62, 63, 32043, 32768, 64811, 16202, 8101, 2025, 8173, 1953, 63582, 6220, 16206, 6216, 59319, 9990, 65327, 9474, 56061, 55853, 1, 126, 127, 32405, 32768, 65173, 16293, 8146, 2036, 8182, 2000, 63535, 6182, 16295, 6180, 59355, 10115, 65431, 9857, 55678, 55574, 1, 254, 255, 32586, 32768, 65354, 16338, 8169, 2042, 8187, 2024, 63511, 6163, 16339, 6162, 59373, 10177, 65483, 10048, 55487, 55435, 1, 510, 511, 32677, 32768, 65445, 16361, 8180, 2045, 8189, 2036, 63499, 6153, 16361, 6153, 59382, 10208, 65509, 10144, 55391, 55365, 1, 1022, 1023, 32722, 32768, 65490, 16372, 8186, 2046, 8190, 2042, 63493, 6148, 16372, 6148, 59387, 10224, 65522, 10192, 55343, 55330, 1, 2046, 2047, 32745, 32768, 65513, 16378, 8189, 2047, 8191, 2045, 63490, 6146, 16378, 6146, 59389, 10232, 65529, 10216, 55319, 55313, 1, 4094, 4095, 32756, 32768, 65524, 16381, 8190, 2047, 8191, 2046, 63489, 6145, 16381, 6145, 59390, 10236, 65532, 10228, 55307, 55304, 1, 8190, 8191, 32762, 32768, 65530, 16382, 8191, 2047, 8191, 2047, 63488, 6144, 16382, 6144, 59391, 10238, 65534, 10234, 55301, 55300, 1, 16382, 16383, 32765, 32768, 65533, 16383, 8191, 2047, 8191, 2047, 63488, 6144, 16383, 6144, 59391, 10239, 65535, 10237, 55298, 55298, 1, 32766, 32767, 32766, 32768, 65534, 16383, 8191, 2047, 8191, 2047, 63488, 6144, 16383, 6144, 59391, 10239, 65535, 10238, 55297, 55297, 1, 65534, 65535, 32767, 32768, 65535]
a:65535
lx (335):65535
